46
69.36911152702316 30.46146860519061 -0.006877842905 -0.9999763474 2.4544442355555596
66.58361770429056 28.133047786638237 -0.02340817218 -0.9997259912 1.21
58.136922875147924 29.198606803761688 -0.1040538273 -0.9945716671 0.6400000533333345
50.704077736572835 34.93950600710014 -0.9046347222 -0.4261877749 0.6400000533333345
53.480752986482464 47.2162381604397 -0.7098440327 0.7043588923 0.9344445088888901
56.18836674457474 50.449411808444715 -0.8611470584 0.5083559224 1.0677777088888898
59.23674535530818 55.21512672822847 -0.9816497164 0.1906930366 0.7511110533333344
61.459708005199985 58.71207684570982 -0.9986491786 0.05195977332 1.0677777088888898
59.621478530103225 62.855547239871626 -0.9677213664 -0.2520225328 0.9344445088888901
50.11634277670473 85.48472768280985 -0.6243978575 0.7811064688 1.3611111111111112
57.5552446740655 88.91341379567866 -0.16043301 0.9870467311 1.5211111111111113
66.80076266336876 88.99783423267057 0.003318344007 0.9999944943 1.5211111111111113
70.2231144571539 86.85919681406114 0.0003614484939 0.9999999347 1.3611111111111112
78.97591922258358 86.23123027377589 0.05096827032 0.9987002731 1.137777777777778
89.34136282722046 85.75863094332864 0.2389359605 0.9710353273 0.6400000533333345
95.62449454186802 83.99986055597682 0.4869700273 0.8734186811 0.7511110533333344
100.5880856021777 80.97043210541663 0.74282185 0.669489133 0.5877777777777777
104.17047744785404 73.99215222705756 0.8866803224 0.4623829644 0.5377777777777779
95.64537383294554 68.48797949967911 -0.8179313822 -0.5753157863 0.5377777777777779
92.6043902309047 73.09399555602678 -0.5943565555 -0.8042016444 0.6400000533333345
84.33376315791297 76.39253584534316 0.02225116256 -0.9997524122 0.7511110533333344
76.38061721470466 73.81994545631952 0.4309148351 -0.9023926002 0.5377777777777779
72.95856889402603 64.4017019838478 0.9999963732 -0.002693231408 0.16
72.99803200387998 61.704038314755486 0.9999952946 -0.003067697643 0.16
73.13763323788744 58.583747118415765 0.9999984255 -0.001774557872 0.16
72.84827829090872 55.33300778813475 0.9998358867 -0.01811627934 0.16
72.21147825794144 52.41326683524229 0.9997951576 -0.02023963394 0.16
75.20882609527995 43.44074352356532 0.8203021793 0.5719303582 0.6400000533333345
78.47641951561987 41.62367662684647 0.09529427726 0.9954491452 0.7511110533333344
85.51608687153511 41.352468149643634 -0.05843521475 0.9982912028 0.48999995333333435
90.7203507069544 43.36790347330717 -0.3865352814 0.9222746209 0.6944444444444444
94.47917897836182 46.590006552385546 -0.7859335223 0.6183110046 0.4011111111111111
96.86102818671708 49.85705171660244 -0.8669012881 0.4984798458 0.6400000533333345
99.85252673702188 51.283017001161085 0.1513061182 0.9884869542 0.5377777777777779
104.92226861654886 47.83705344033709 0.999918655 -0.01275473734 0.6400000533333345
102.56694057486978 43.106637603603545 0.9118946295 -0.4104243959 0.6400000533333345
100.19980361989266 39.619020215236255 0.8721047819 -0.4893191693 0.6400000533333345
97.21137331176445 34.14065620096218 0.7037601137 -0.7104376836 1.0
97.18883355800789 33.892006004787255 0.5617293611 -0.8273210531 1.2844445200000012
93.7107091596111 30.154206427865727 0.4038454427 -0.9148272287 2.0544446355555603
90.08073954236009 30.798395798322904 0.264911161 -0.9642728228 2.4544442355555596
87.07978939750372 32.28969441005206 0.1613476923 -0.986897625 2.4544442355555596
84.02996466452358 27.951825562413045 0.09127928906 -0.9958253318 2.4544442355555596
84.20257925885784 27.640316572306983 0.04678335772 -0.9989050593 2.4544442355555596
76.48884651898206 26.992049349359338 0.02011344626 -0.9997977042 2.4544442355555596
79.16099146099053 30.490556028586123 0.005760779951 -0.9999834066 2.4544442355555596
